1	0.6031732752
2	0.4303001444
3	0.3331797252
4	0.2717407194
5	0.2289217331
6	0.1974998293
7	0.1734065132
8	0.1543435478
9	0.1388739896
10	0.1260625759
11	0.1152738946
12	0.1060610333
13	0.0981004093
14	0.0911518167
15	0.0850331965
16	0.0796039928
17	0.0747538752
18	0.0703950076
19	0.0664565688
20	0.062880796
21	0.059620095
22	0.0566348814
23	0.053891959
24	0.0513632748
25	0.0490249528
26	0.046856544
27	0.0448404287
28	0.0429613434
29	0.041205997
30	0.0395627631
31	0.0380214247
32	0.0365729687
33	0.0352094118
34	0.0339236579
35	0.0327093783
36	0.0315609108
37	0.0304731732
38	0.0294415925
39	0.028462041
40	0.0275307849
41	0.0266444377
42	0.0257999208
43	0.0249944296
44	0.0242254037
45	0.0234905006
46	0.0227875737
47	0.0221146515
48	0.0214699208
49	0.020851711
50	0.02025848
51	0.0196888027
52	0.0191413598
53	0.0186149282
54	0.0181083725
55	0.0176206375
56	0.017150741
57	0.0166977672
58	0.0162608625
59	0.0158392288
60	0.0154321203
61	0.0150388384
62	0.0146587287
63	0.0142911771
64	0.0139356072
65	0.013591477
66	0.0132582767
67	0.0129355262
68	0.0126227732
69	0.0123195906
70	0.0120255759
71	0.0117403481
72	0.0114635477
73	0.0111948338
74	0.0109338841
75	0.010680393
76	0.0104340707
77	0.0101946422
78	0.0099618465
79	0.0097354355
80	0.0095151733
81	0.0093008355
82	0.0090922086
83	0.008889089
84	0.0086912829
85	0.0084986053
86	0.00831088
87	0.0081279383
88	0.0079496196
89	0.00777577
90	0.0076062427
91	0.0074408969
92	0.0072795983
93	0.0071222177
94	0.0069686321
95	0.0068187228
96	0.0066723766
97	0.0065294847
98	0.0063899425
99	0.0062536498
100	0.0061205103
101	0.0059904314
102	0.0058633242
103	0.005739103
104	0.0056176854
105	0.0054989922
106	0.0053829471
107	0.0052694764
108	0.0051585093
109	0.0050499776
110	0.0049438153
111	0.0048399588
112	0.0047383468
113	0.0046389201
114	0.0045416216
115	0.0044463958
116	0.0043531895
117	0.004261951
118	0.0041726306
119	0.0040851799
120	0.0039995522
121	0.0039157024
122	0.0038335868
123	0.0037531629
124	0.0036743899
125	0.003597228
126	0.0035216387
127	0.0034475846
128	0.0033750297
129	0.0033039388
130	0.0032342778
131	0.0031660139
132	0.0030991147
133	0.0030335494
134	0.0029692876
135	0.0029063
136	0.002844558
137	0.002784034
138	0.0027247009
139	0.0026665327
140	0.0026095037
141	0.0025535893
142	0.0024987652
143	0.002445008
144	0.0023922947
145	0.0023406033
146	0.0022899118
147	0.0022401993
148	0.0021914449
149	0.0021436288
150	0.0020967311
151	0.0020507329
152	0.0020056154
153	0.0019613605
154	0.0019179501
155	0.0018753672
156	0.0018335946
157	0.0017926156
158	0.001752414
159	0.001712974
160	0.00167428
161	0.0016363167
162	0.0015990695
163	0.0015625236
164	0.0015266648
165	0.0014914792
166	0.0014569531
167	0.0014230734
168	0.0013898267
169	0.0013572009
170	0.0013251832
171	0.0012937613
172	0.0012629241
173	0.0012326596
174	0.001202957
175	0.0011738057
176	0.0011451951
177	0.0011171149
178	0.0010895564
179	0.0010625094
180	0.001035965
181	0.0010099152
182	0.0009843516
183	0.0009592665
184	0.0009346519
185	0.0009105011
186	0.0008868072
187	0.0008635633
188	0.0008407633
189	0.0008184012
190	0.0007964707
191	0.0007749662
192	0.0007538821
193	0.0007332125
194	0.0007129517
195	0.0006930944
196	0.0006736347
197	0.0006545671
198	0.0006358856
199	0.0006175845
200	0.0005996576
201	0.0005820989
202	0.0005649021
203	0.0005480609
204	0.0005315689
205	0.0005154195
206	0.0004996061
207	0.0004841221
208	0.0004689609
209	0.0004541158
210	0.0004395802
211	0.0004253475
212	0.0004114113
213	0.0003977651
214	0.0003844027
215	0.0003713178
216	0.0003585045
217	0.0003459568
218	0.0003336691
219	0.0003216357
220	0.0003098514
221	0.0002983108
222	0.0002870088
223	0.0002759407
224	0.0002651016
225	0.000254487
226	0.0002440924
227	0.0002339135
228	0.0002239461
229	0.0002141863
230	0.0002046301
231	0.0001952736
232	0.0001861133
233	0.0001771454
234	0.0001683664
235	0.000159773
236	0.0001513616
237	0.0001431292
238	0.0001350724
239	0.0001271882
240	0.0001194733
241	0.0001119249
242	0.0001045399
243	9.73155029232032E-005
244	9.02486851952085E-005
245	8.33367644318677E-005
246	7.65769292448229E-005
247	6.99664263477193E-005
248	6.35026535171012E-005
249	5.7182878637168E-005
250	5.10046365407612E-005
251	4.49653078834023E-005
252	3.9062399157535E-005
253	3.329340205628E-005
254	0.000027656
255	2.21476640150525E-005
256	1.67661560654749E-005
257	1.15090951001581E-005
258	6.37429032869637E-006
259	1.35944052389536E-006
260	-3.53760928157283E-006
261	-8.31907837954427E-006
262	-0.000012987
263	-1.75436104818207E-005
264	-2.19908287629853E-005
265	-2.63307540503612E-005
266	-3.05653238910519E-005
267	-3.46965651050533E-005
268	-3.87263369664964E-005
269	-4.26565884677715E-005
270	-4.64891482090679E-005
271	-5.02258414358439E-005
272	-5.38684902355322E-005
273	-5.74188435982353E-005
274	-6.08786710864465E-005
275	-6.4249646119877E-005
276	-6.75334863928409E-005
277	-7.07318371429144E-005
278	-7.38463180413565E-005
279	-7.68784999485058E-005
280	-0.00007983
281	-8.27023577361121E-005
282	-8.54970961415597E-005
283	-8.82156842092217E-005
284	-9.08596143021867E-005
285	-9.34302838717502E-005
286	-9.59291827269364E-005
287	-9.83576357547956E-005
288	-0.0001007171
289	-0.0001030088
290	-0.0001052342
291	-0.0001073945
292	-0.0001094911
293	-0.0001115251
294	-0.0001134978
295	-0.0001154104
296	-0.0001172642
297	-0.0001190602
298	-0.0001207997
299	-0.0001224838
300	-0.0001241136
301	-0.0001256902
302	-0.0001272147
303	-0.000128688
304	-0.0001301114
305	-0.0001314857
306	-0.000132812
307	-0.0001340913
308	-0.0001353245
309	-0.0001365126
310	-0.0001376566
311	-0.0001387572
312	-0.0001398156
313	-0.0001408325
314	-0.0001418087
315	-0.0001427453
316	-0.0001436429
317	-0.0001445024
318	-0.0001453248
319	-0.0001461106
320	-0.0001468607
321	-0.0001475759
322	-0.000148257
323	-0.0001489046
324	-0.0001495195
325	-0.0001501025
326	-0.0001506541
327	-0.0001511752
328	-0.0001516663
329	-0.0001521282
330	-0.0001525615
331	-0.0001529668
332	-0.0001533448
333	-0.000153696
334	-0.0001540211
335	-0.0001543208
336	-0.0001545955
337	-0.0001548458
338	-0.0001550723
339	-0.0001552756
340	-0.0001554561
341	-0.0001556145
342	-0.0001557512
343	-0.0001558668
344	-0.0001559617
345	-0.0001560365
346	-0.0001560916
347	-0.0001561275
348	-0.0001561447
349	-0.0001561436
350	-0.0001561247
351	-0.0001560884
352	-0.0001560352
353	-0.0001559654
354	-0.0001558795
355	-0.0001557779
356	-0.000155661
357	-0.0001555291
358	-0.0001553827
359	-0.0001552222
360	-0.0001550478
361	-0.0001548601
362	-0.0001546593
363	-0.0001544457
364	-0.0001542197
365	-0.0001539817
366	-0.000153732
367	-0.0001534708
368	-0.0001531986
369	-0.0001529156
370	-0.0001526221
371	-0.0001523184
372	-0.0001520048
373	-0.0001516817
374	-0.0001513492
375	-0.0001510076
376	-0.0001506572
377	-0.0001502984
378	-0.0001499312
379	-0.000149556
380	-0.0001491731
381	-0.0001487826
382	-0.0001483849
383	-0.0001479801
384	-0.0001475685
385	-0.0001471502
386	-0.0001467255
387	-0.0001462946
388	-0.0001458578
389	-0.0001454152
390	-0.000144967
391	-0.0001445135
392	-0.0001440547
393	-0.000143591
394	-0.0001431225
395	-0.0001426493
396	-0.0001421717
397	-0.0001416898
398	-0.0001412037
399	-0.0001407137
400	-0.0001402199
401	-0.0001397225
402	-0.0001392216
403	-0.0001387173
404	-0.0001382099
405	-0.0001376994
406	-0.0001371861
407	-0.00013667
408	-0.0001361512
409	-0.0001356299
410	-0.0001351063
411	-0.0001345804
412	-0.0001340524
413	-0.0001335225
414	-0.0001329905
415	-0.0001324569
416	-0.0001319216
417	-0.0001313848
418	-0.0001308464
419	-0.0001303068
420	-0.0001297659
421	-0.0001292239
422	-0.0001286809
423	-0.0001281369
424	-0.0001275921
425	-0.0001270465
426	-0.0001265002
427	-0.0001259533
428	-0.0001254059
429	-0.0001248581
430	-0.00012431
431	-0.0001237615
432	-0.0001232129
433	-0.0001226642
434	-0.0001221154
435	-0.0001215667
436	-0.000121018
437	-0.0001204695
438	-0.0001199212
439	-0.0001193732
440	-0.0001188256
441	-0.0001182783
442	-0.0001177316
443	-0.0001171853
444	-0.0001166396
445	-0.0001160946
446	-0.0001155502
447	-0.0001150066
448	-0.0001144638
449	-0.0001139218
450	-0.0001133806
451	-0.0001128404
452	-0.0001123012
453	-0.000111763
454	-0.0001112258
455	-0.0001106897
456	-0.0001101547
457	-0.000109621
458	-0.0001090884
459	-0.0001085571
460	-0.000108027
461	-0.0001074983
462	-0.0001069709
463	-0.0001064449
464	-0.0001059203
465	-0.000105397
466	-0.0001048753
467	-0.0001043551
468	-0.0001038364
469	-0.0001033192
470	-0.0001028037
471	-0.0001022896
472	-0.0001017772
473	-0.0001012665
474	-0.0001007574
475	-0.00010025
476	-9.97442739131579E-005
477	-9.92402737690783E-005
478	-0.000098738
479	-9.82375611857096E-005
480	-9.77388036710404E-005
481	-9.72418926952771E-005
482	-9.67467576847251E-005
483	-9.62534241116315E-005
484	-0.000095762
485	-9.52723352674656E-005
486	-9.47846309710253E-005
487	-9.42987339229325E-005
488	-9.38147176398941E-005
489	-9.3332631627714E-005
490	-9.28524532901223E-005
491	-9.23741600113253E-005
492	-9.18978974541619E-005
493	-9.14234747102871E-005
494	-9.0951061479424E-005
495	-9.04805629890577E-005
496	-9.00120527723431E-005
497	-8.95455322257714E-005
498	-0.000089081
499	-8.86183935081108E-005
500	-8.81578021274785E-005
501	-8.76992540236163E-005
502	-8.72426302440024E-005
503	-8.67880765031809E-005
504	-8.63355219541007E-005
505	-0.000085885
506	-8.54364397940792E-005
507	-8.49899388853599E-005
508	-8.45454905785557E-005
509	-0.000084103
510	-8.3662636572763E-005
511	-8.32242575159251E-005
512	-8.27879121195715E-005
513	-8.23536257321322E-005
514	-8.19213755262002E-005
515	-8.14911386558254E-005
516	-0.000081063
517	-8.06368303031036E-005
518	-8.02127130822214E-005
519	-7.97906622712745E-005
520	-7.93706308803773E-005
521	-7.89525959932214E-005
522	-7.85366551939953E-005
523	-7.81227373578435E-005
524	-7.77108436458391E-005
525	-0.000077301
526	-7.68931573049075E-005
527	-7.64873428493841E-005
528	-7.6083581192995E-005
529	-7.56818252298851E-005
530	-7.52820760648391E-005
531	-7.48843830345353E-005
532	-7.44886507544534E-005
533	-0.000074095
534	-7.37032657143882E-005
535	-7.33135909728973E-005
536	-7.29258812387548E-005
537	-7.25401858099218E-005
538	-7.21564574631951E-005
539	-7.17747454879726E-005
540	-0.000071395
541	-7.10172299230572E-005
542	-7.06414041999712E-005
543	-7.02675747360388E-005
544	-6.98956942361443E-005
545	-6.9525763670594E-005
546	-6.91577840027849E-005
547	-6.87917320401183E-005
548	-6.84276811734783E-005
549	-6.80655357535788E-005
550	-6.77052967025776E-005
551	-0.000067347
552	-6.69906138301424E-005
553	-6.6636123515064E-005
554	-6.62835673515035E-005
555	-6.59328495921962E-005
556	-0.000065584
557	-6.5237174370693E-005
558	-6.48921219960535E-005
559	-0.000064549
560	-6.42076644589982E-005
561	-6.38682609849389E-005
562	-6.35306535269816E-005
563	-6.31949395825673E-005
564	-0.000062861
565	-0.000062529
566	-6.21987318327099E-005
567	-6.18702857445752E-005
568	-6.15436646307212E-005
569	-6.12188692675879E-005
570	-6.08958278751254E-005
571	-6.05746137553433E-005
572	-6.02551792941997E-005
573	-5.99375252330059E-005
574	-5.9621603929902E-005
575	-5.93074402941411E-005
576	-0.000058995
577	-5.86843888965519E-005
578	-5.83754541673503E-005
579	-5.80682799412796E-005
580	-5.77628185211699E-005
581	-0.000057459
582	-0.000057157
583	-5.68566694805281E-005
584	-0.000056558
585	-0.000056261
586	-5.5965717823142E-005
587	-5.56721195559961E-005
588	-5.53801425454683E-005
589	-5.50898358307074E-005
590	-5.4801151615335E-005
591	-5.4514114722209E-005
592	-5.42287257628479E-005
593	-5.39449126978493E-005
594	-5.36627729796858E-005
595	-5.33821861218943E-005
596	-5.31032495729164E-005
597	-5.28258428199985E-005
598	-0.00005255
599	-5.22758389393439E-005
600	-5.20031944983502E-005
601	-5.17320820882316E-005
602	-5.14625264764621E-005
603	-5.1194552433457E-005
604	-5.0928063586969E-005
605	-5.06631573762464E-005
606	-5.03997131804794E-005
607	-5.01378284356188E-005
608	-4.98774309633184E-005
609	-4.96185455015164E-005
610	-4.93611483192027E-005
611	-4.91052156749361E-005
612	-4.88507722949184E-005
613	-4.85977944278604E-005
614	-4.83462825541117E-005
615	-4.80961886658399E-005
616	-4.7847561713477E-005
617	-4.76004021658887E-005
618	-4.73546135072378E-005
619	-4.71102689212183E-005
620	-4.68673203664901E-005
621	-4.66258167825062E-005
622	-4.63857101165666E-005
623	-0.000046147
624	-4.59096165171457E-005
625	-4.56736304357317E-005
626	-0.000045439
627	-4.52057818136548E-005
628	-4.49738958473158E-005
629	-4.47433612373885E-005
630	-4.45141541285854E-005
631	-4.42862749177695E-005
632	-4.40597482591458E-005
633	-4.38345017616778E-005
634	-4.36106085932487E-005
635	-0.000043388
636	-4.31666411411241E-005
637	-4.29466403970595E-005
638	-4.27278731623841E-005
639	-4.25103883295764E-005
640	-4.22942105300123E-005
641	-4.20792430462152E-005
642	-4.18655590368034E-005
643	-4.16531103105828E-005
644	-4.1441921484087E-005
645	-4.12319443540953E-005
646	-4.10231792539879E-005
647	-4.08156750681205E-005
648	-4.06093350244064E-005
649	-4.04042079982549E-005
650	-4.02003185923202E-005
651	-3.99975700121101E-005
652	-0.000039796
653	-3.9595690815703E-005
654	-3.93964879787926E-005
655	-3.91984514826213E-005
656	-3.90016059138712E-005
657	-3.88058787184525E-005
658	-3.86112944743764E-005
659	-3.84178534717844E-005
660	-3.82255560016411E-005
661	-3.80344023499224E-005
662	-3.78443199314531E-005
663	-3.76553818921026E-005
664	-3.74675399278508E-005
665	-3.72807943106475E-005
666	-3.70951453099764E-005
667	-3.69105931930828E-005
668	-3.67271139299319E-005
669	-3.65446834838512E-005
670	-3.63633750014582E-005
671	-3.61831158508053E-005
672	-3.60039062827045E-005
673	-3.58256979459505E-005
674	-3.56486125843242E-005
675	-3.5472504643518E-005
676	-3.52974472635117E-005
677	-3.51234163828606E-005
678	-3.4950412237119E-005
679	-3.47784107561877E-005
680	-3.46074364747676E-005
681	-3.44374410107601E-005
682	-3.42684732018976E-005
683	-3.41004846582817E-005
684	-3.39334755998158E-005
685	-3.37674462434816E-005
686	-3.36023968061551E-005
687	-3.34382788778447E-005
688	-3.3275165602837E-005
689	-0.000033113
690	-3.29517593540984E-005
691	-3.27914911025488E-005
692	-3.26321553889479E-005
693	-3.24737524118479E-005
694	-3.23162823685474E-005
695	-3.2159721137218E-005
696	-3.20040932275841E-005
697	-3.18493745131814E-005
698	-3.16955651822489E-005
699	-3.15426411006764E-005
700	-3.13906510956178E-005
701	-3.12395223854945E-005
702	-3.10893037943181E-005
703	-3.09399468557594E-005
704	-3.07914517439021E-005
705	-3.06438672826982E-005
706	-3.0497120671219E-005
707	-3.03512364037015E-005
708	-3.02062146495914E-005
709	-3.00620555766579E-005
710	-2.99187106934106E-005
711	-2.97762288192732E-005
712	-2.9634585787808E-005
713	-2.94937574280028E-005
714	-2.93537925607089E-005
715	-2.92145940144221E-005
716	-2.90762349386999E-005
717	-2.89387154892006E-005
718	-0.000028802
719	-0.000028666
720	-2.85308800569326E-005
721	-2.83965502683499E-005
722	-0.000028263
723	-2.81302172495437E-005
724	-2.79982143024029E-005
725	-0.000027867
726	-2.77365605697675E-005
727	-2.76068613809814E-005
728	-2.7477930383763E-005
729	-2.73497433702207E-005
730	-2.72223491580038E-005
731	-2.70956505074548E-005
732	-2.69697449201375E-005
733	-2.6844535149691E-005
734	-2.67200943548882E-005
735	-2.65963739727022E-005
736	-2.64733497788968E-005
737	-2.63510949355905E-005
738	-2.62295121765934E-005
739	-2.61086746637682E-005
740	-2.59885338198221E-005
741	-2.58690897611033E-005
742	-2.57503426029151E-005
743	-2.5632316810954E-005
744	-2.55149394454187E-005
745	-2.53983080248761E-005
746	-2.52823008996711E-005
747	-0.000025167
748	-2.50523791440958E-005
749	-2.49384403772771E-005
750	-2.48251506880088E-005
751	-2.471253453482E-005
752	-2.46005676662118E-005
753	-2.44892501838072E-005
754	-2.43786309053275E-005
755	-2.42686125009815E-005
756	-2.41592437838228E-005
757	-2.40505492135433E-005
758	-2.39424558086166E-005
759	-0.000023835
760	-2.37281946762602E-005
761	-0.000023622
762	-2.35164124203887E-005
763	-2.3411496783174E-005
764	-2.33071341438693E-005
765	-2.3203422044651E-005
766	-2.31002874832958E-005
767	-2.29977792768526E-005
768	-2.28958731482078E-005
769	-2.27945204510689E-005
770	-2.269381873488E-005
771	-2.25936949874839E-005
772	-2.24941249218566E-005
773	-2.23951817253793E-005
774	-2.22967680054696E-005
775	-0.000022199
776	-2.21017242681579E-005
777	-2.20050700419456E-005
778	-0.000021909
779	-2.18134241532882E-005
780	-2.17184326437422E-005
781	-0.000021624
782	-2.15301372449322E-005
783	-2.14368091318979E-005
784	-2.13440600077102E-005
785	-2.12517924460566E-005
786	-2.11601040174303E-005
787	-2.10689460432304E-005
788	-2.09783185935046E-005
789	-2.08882217376047E-005
790	-2.07986555439735E-005
791	-2.07096200818793E-005
792	-2.06210910398868E-005
793	-2.05330928628957E-005
794	-2.04456012379881E-005
795	-2.03586162301663E-005
796	-2.02721379031272E-005
797	-2.01861907019687E-005
798	-2.0100725928552E-005
799	-2.00157436435298E-005
800	-1.99312926730886E-005
801	-1.98473243144531E-005
802	-1.97638386274663E-005
803	-1.96808356713532E-005
804	-1.95983155049393E-005
805	-1.95163269565079E-005
806	-1.94347481605517E-005
807	-1.93536767131693E-005
808	-1.92730882864027E-005
809	-0.000019193
810	-1.91133119480837E-005
811	-1.90340997589563E-005
812	-1.89553952001877E-005
813	-1.8877100773522E-005
814	-1.87993140859579E-005
815	-1.87219376350668E-005
816	-0.000018645
817	-1.85685863729452E-005
818	-1.84925628848977E-005
819	-0.000018417
820	-1.83418692267706E-005
821	-1.82671747652506E-005
822	-1.81929152797325E-005
823	-1.81191152122038E-005
824	-1.80457014313787E-005
825	-1.79727715581028E-005
826	-1.7900203669829E-005
827	-1.78281197839542E-005
828	-1.77564223685949E-005
829	-1.7685135863009E-005
830	-1.76143091035101E-005
831	-1.75438445517136E-005
832	-1.74738154387583E-005
833	-1.74041974123451E-005
834	-0.000017335
835	-1.72661459962023E-005
836	-1.7197737087783E-005
837	-1.71297394366516E-005
838	-1.70621042850297E-005
839	-1.6994880471573E-005
840	-0.000016928
841	-1.68616182242536E-005
842	-1.67955310675443E-005
843	-1.6729879811261E-005
844	-1.66645668885778E-005
845	-1.65996899451224E-005
846	-1.65351270080747E-005
847	-0.000016471
848	-1.64071873247713E-005
849	-1.63437862508688E-005
850	-1.6280748135241E-005
851	-0.000016218
852	-1.61557609207359E-005
853	-1.60937874871831E-005
854	-1.60322015579814E-005
855	-0.000015971
856	-1.59101191362844E-005
857	-1.58495738983847E-005
858	-1.57894163030906E-005
859	-1.57295731612118E-005
860	-1.56701177290881E-005
861	-0.000015611
862	-1.55521992685093E-005
863	-1.54937851207173E-005
864	-1.54356611765374E-005
865	-1.53778762832835E-005
866	-1.53204792939988E-005
867	-1.52633725982164E-005
868	-1.52066050462292E-005
869	-1.51501766681773E-005
870	-1.50940630825639E-005
871	-1.50382643176844E-005
872	-1.49828292270952E-005
873	-1.49276846031645E-005
874	-1.48728548853186E-005
875	-1.48183645152787E-005
876	-1.47641646942294E-005
877	-1.47103042765886E-005
878	-1.46567588765307E-005
879	-1.46035041060548E-005
880	-1.45505399902657E-005
881	-1.44979398031237E-005
882	-1.44455814914381E-005
883	-1.43935627451087E-005
884	-1.43418591747534E-005
885	-1.42904219707628E-005
886	-1.42392755754434E-005
887	-1.41884444303072E-005
888	-1.41379285614771E-005
889	-1.40876547380121E-005
890	-1.40377206580605E-005
891	-1.39880530892713E-005
892	-1.39386764738476E-005
893	-1.3889566415837E-005
894	-1.3840747356981E-005
895	-1.37922193210164E-005
896	-0.000013744
897	-0.000013696
898	-1.36482838940727E-005
899	-1.36008957550618E-005
900	-1.35537499073521E-005
901	-1.35068707936337E-005
902	-1.34602584347329E-005
903	-1.34139128522197E-005
904	-1.33678584898466E-005
905	-0.000013322
906	-1.32765013917858E-005
907	-1.3231247544828E-005
908	-1.31862117275331E-005
909	-1.31414428079586E-005
910	-0.000013097
911	-1.30527057431321E-005
912	-1.30087132107554E-005
913	-0.000012965
914	-1.29214802417874E-005
915	-1.28782642695399E-005
916	-1.2835266475942E-005
917	-1.27925357339033E-005
918	-0.00001275
919	-1.27077777663801E-005
920	-1.26657505756059E-005
921	-0.000012624
922	-1.25824487255972E-005
923	-1.25411741020427E-005
924	-1.25001177958336E-005
925	-1.24593042540342E-005
926	-1.24187090628391E-005
927	-1.2378356668865E-005
928	-1.23382226579486E-005
929	-1.22983314775595E-005
930	-1.22586831440102E-005
931	-1.22192288097472E-005
932	-0.00001218
933	-0.000012141
934	-1.21022498443399E-005
935	-1.2063718253685E-005
936	-1.20253807379301E-005
937	-1.19872861785811E-005
938	-1.19493857229137E-005
939	-1.1911728254089E-005
940	-1.18742404829884E-005
941	-0.000011837
942	-0.0000118
943	-1.17631375836258E-005
944	-1.17265486584105E-005
945	-1.16901294998927E-005
946	-1.16539289931403E-005
947	-1.16179471516479E-005
948	-1.15821351156605E-005
949	-1.15465662095784E-005
950	-1.1511191571981E-005
951	-0.000011476
952	-0.000011441
953	-1.14062089631509E-005
954	-1.13716359673076E-005
955	-1.13372573039236E-005
956	-0.000011303
957	-1.12690585858134E-005
958	-1.12352141149796E-005
959	-1.12016129050903E-005
960	-1.11681816484533E-005
961	-1.11349447974044E-005
962	-1.11019023635007E-005
963	-0.000011069
964	-1.10363519122625E-005
965	-1.10038439170882E-005
966	-1.09715059429391E-005
967	-1.09394113274252E-005
968	-1.09074378715336E-005
969	-1.08756589117883E-005
970	-1.08440744599136E-005
971	-1.0812660083966E-005
972	-1.07814402381486E-005
973	-1.07503416011784E-005
974	-1.07194864033687E-005
975	-1.06887524349777E-005
976	-1.06582130381281E-005
977	-1.06278437794073E-005
978	-1.05976202231827E-005
979	-1.05676157152348E-005
980	-1.05377324841915E-005
981	-0.000010508
982	-1.04785254555651E-005
983	-1.04491527856319E-005
984	-1.04199258751421E-005
985	-1.03909180737534E-005
986	-0.000010362
987	-1.03333153687204E-005
988	-1.03047449296196E-005
989	-1.02763691906275E-005
990	-1.02481148180536E-005
991	-0.00001022
992	-1.0192116893827E-005
993	-1.01643489120205E-005
994	-1.01367267786985E-005
995	-1.01092749513567E-005
996	-1.00819445401035E-005
997	-1.00547844516314E-005
998	-1.00277946952328E-005
999	-1.00009263789845E-005
1000	-9.97420396085989E-006

