        0.0000000000e+00
        1.0482319183e-01
        2.4137620743e-01
1	0.00E+000
2	1.05E-001
3	2.41E-001
4	3.99E-001
5	5.69E-001
6	7.46E-001
7	9.26E-001
8	1.11E+000
9	1.28E+000
10	1.46E+000
11	1.63E+000
12	1.79E+000
13	1.95E+000
14	2.10E+000
15	2.24E+000
16	2.38E+000
17	2.50E+000
18	2.62E+000
19	2.74E+000
20	2.84E+000
21	2.94E+000
22	3.04E+000
23	3.12E+000
24	3.21E+000
25	3.28E+000
26	3.35E+000
27	3.42E+000
28	3.48E+000
29	3.53E+000
30	3.58E+000
31	3.63E+000
32	3.67E+000
33	3.71E+000
34	3.75E+000
35	3.79E+000
36	3.82E+000
37	3.85E+000
38	3.87E+000
39	3.90E+000
40	3.92E+000
41	3.94E+000
42	3.96E+000
43	3.98E+000
44	3.99E+000
45	4.01E+000
46	4.02E+000
47	4.03E+000
48	4.05E+000
49	4.06E+000
50	4.07E+000
51	4.07E+000
52	4.08E+000
53	4.09E+000
54	4.10E+000
55	4.10E+000
56	4.11E+000
57	4.12E+000
58	4.12E+000
59	4.13E+000
60	4.13E+000
61	4.13E+000
62	4.14E+000
63	4.14E+000
64	4.15E+000
65	4.15E+000
66	4.15E+000
67	4.15E+000
68	4.16E+000
69	4.16E+000
70	4.16E+000
71	4.16E+000
72	4.17E+000
73	4.17E+000
74	4.17E+000
75	4.17E+000
76	4.17E+000
77	4.18E+000
78	4.18E+000
79	4.18E+000
80	4.18E+000
81	4.18E+000
82	4.18E+000
83	4.19E+000
84	4.19E+000
85	4.19E+000
86	4.19E+000
87	4.19E+000
88	4.19E+000
89	4.19E+000
90	4.19E+000
91	4.19E+000
92	4.20E+000
93	4.20E+000
94	4.20E+000
95	4.20E+000
96	4.20E+000
97	4.20E+000
98	4.20E+000
99	4.20E+000
100	4.20E+000
101	4.20E+000
102	4.20E+000
103	4.20E+000
104	4.21E+000
105	4.21E+000
106	4.21E+000
107	4.21E+000
108	4.21E+000
109	4.21E+000
110	4.21E+000
111	4.21E+000
112	4.21E+000
113	4.21E+000
114	4.21E+000
115	4.21E+000
116	4.21E+000
117	4.21E+000
118	4.21E+000
119	4.21E+000
120	4.21E+000
121	4.21E+000
122	4.21E+000
123	4.21E+000
124	4.21E+000
125	4.21E+000
126	4.21E+000
127	4.22E+000
128	4.22E+000
129	4.22E+000
130	4.22E+000
131	4.22E+000
132	4.22E+000
133	4.22E+000
134	4.22E+000
135	4.22E+000
136	4.22E+000
137	4.22E+000
138	4.22E+000
139	4.22E+000
140	4.22E+000
141	4.22E+000
142	4.22E+000
143	4.22E+000
144	4.22E+000
145	4.22E+000
146	4.22E+000
147	4.22E+000
148	4.22E+000
149	4.22E+000
150	4.22E+000
151	4.22E+000
152	4.22E+000
153	4.22E+000
154	4.22E+000
155	4.22E+000
156	4.22E+000
157	4.22E+000
158	4.22E+000
159	4.22E+000
160	4.22E+000
161	4.22E+000
162	4.22E+000
163	4.22E+000
164	4.22E+000
165	4.22E+000
166	4.22E+000
167	4.22E+000
168	4.22E+000
169	4.22E+000
170	4.22E+000
171	4.22E+000
172	4.22E+000
173	4.22E+000
174	4.22E+000
175	4.22E+000
176	4.22E+000
177	4.22E+000
178	4.22E+000
179	4.22E+000
180	4.22E+000
181	4.22E+000
182	4.22E+000
183	4.22E+000
184	4.22E+000
185	4.21E+000
186	4.21E+000
187	4.21E+000
188	4.21E+000
189	4.21E+000
190	4.21E+000
191	4.21E+000
192	4.21E+000
193	4.21E+000
194	4.21E+000
195	4.21E+000
196	4.21E+000
197	4.21E+000
198	4.21E+000
199	4.21E+000
200	4.21E+000
201	4.21E+000
202	4.21E+000
203	4.21E+000
204	4.21E+000
205	4.21E+000
206	4.21E+000
207	4.21E+000
208	4.21E+000
209	4.21E+000
210	4.21E+000
211	4.21E+000
212	4.21E+000
213	4.21E+000
214	4.21E+000
215	4.21E+000
216	4.21E+000
217	4.21E+000
218	4.21E+000
219	4.21E+000
220	4.21E+000
221	4.21E+000
222	4.21E+000
223	4.21E+000
224	4.21E+000
225	4.21E+000
226	4.21E+000
227	4.21E+000
228	4.21E+000
229	4.21E+000
230	4.21E+000
231	4.21E+000
232	4.21E+000
233	4.21E+000
234	4.21E+000
235	4.21E+000
236	4.21E+000
237	4.21E+000
238	4.21E+000
239	4.21E+000
240	4.21E+000
241	4.21E+000
242	4.21E+000
243	4.21E+000
244	4.21E+000
245	4.21E+000
246	4.21E+000
247	4.21E+000
248	4.21E+000
249	4.21E+000
250	4.21E+000
251	4.21E+000
252	4.21E+000
253	4.21E+000
254	4.21E+000
255	4.21E+000
256	4.21E+000
257	4.21E+000
258	4.20E+000
259	4.20E+000
260	4.20E+000
261	4.20E+000
262	4.20E+000
263	4.20E+000
264	4.20E+000
265	4.20E+000
266	4.20E+000
267	4.20E+000
268	4.20E+000
269	4.20E+000
270	4.20E+000
271	4.20E+000
272	4.20E+000
273	4.20E+000
274	4.20E+000
275	4.20E+000
276	4.20E+000
277	4.20E+000
278	4.20E+000
279	4.20E+000
280	4.20E+000
281	4.20E+000
282	4.20E+000
283	4.20E+000
284	4.20E+000
285	4.20E+000
286	4.20E+000
287	4.20E+000
288	4.20E+000
289	4.20E+000
290	4.20E+000
291	4.20E+000
292	4.20E+000
293	4.20E+000
294	4.20E+000
295	4.20E+000
296	4.20E+000
297	4.20E+000
298	4.20E+000
299	4.20E+000
300	4.20E+000
301	4.20E+000
302	4.20E+000
303	4.20E+000
304	4.20E+000
305	4.20E+000
306	4.20E+000
307	4.20E+000
308	4.20E+000
309	4.20E+000
310	4.20E+000
311	4.20E+000
312	4.20E+000
313	4.20E+000
314	4.20E+000
315	4.20E+000
316	4.20E+000
317	4.20E+000
318	4.20E+000
319	4.20E+000
320	4.20E+000
321	4.20E+000
322	4.20E+000
323	4.20E+000
324	4.20E+000
325	4.20E+000
326	4.20E+000
327	4.20E+000
328	4.20E+000
329	4.20E+000
330	4.20E+000
331	4.20E+000
332	4.20E+000
333	4.20E+000
334	4.20E+000
335	4.20E+000
336	4.20E+000
337	4.20E+000
338	4.20E+000
339	4.20E+000
340	4.20E+000
341	4.20E+000
342	4.20E+000
343	4.20E+000
344	4.20E+000
345	4.20E+000
346	4.20E+000
347	4.20E+000
348	4.20E+000
349	4.20E+000
350	4.20E+000
351	4.20E+000
352	4.20E+000
353	4.20E+000
354	4.20E+000
355	4.20E+000
356	4.20E+000
357	4.20E+000
358	4.20E+000
359	4.20E+000
360	4.20E+000
361	4.20E+000
362	4.20E+000
363	4.20E+000
364	4.20E+000
365	4.20E+000
366	4.20E+000
367	4.20E+000
368	4.20E+000
369	4.20E+000
370	4.20E+000
371	4.20E+000
372	4.20E+000
373	4.20E+000
374	4.20E+000
375	4.20E+000
376	4.20E+000
377	4.20E+000
378	4.20E+000
379	4.20E+000
380	4.20E+000
381	4.20E+000
382	4.20E+000
383	4.20E+000
384	4.19E+000
385	4.19E+000
386	4.19E+000
387	4.19E+000
388	4.19E+000
389	4.19E+000
390	4.19E+000
391	4.19E+000
392	4.19E+000
393	4.19E+000
394	4.19E+000
395	4.19E+000
396	4.19E+000
397	4.19E+000
398	4.19E+000
399	4.19E+000
400	4.19E+000
401	4.19E+000
402	4.19E+000
403	4.19E+000
404	4.19E+000
405	4.19E+000
406	4.19E+000
407	4.19E+000
408	4.19E+000
409	4.19E+000
410	4.19E+000
411	4.19E+000
412	4.19E+000
413	4.19E+000
414	4.19E+000
415	4.19E+000
416	4.19E+000
417	4.19E+000
418	4.19E+000
419	4.19E+000
420	4.19E+000
421	4.19E+000
422	4.19E+000
423	4.19E+000
424	4.19E+000
425	4.19E+000
426	4.19E+000
427	4.19E+000
428	4.19E+000
429	4.19E+000
430	4.19E+000
431	4.19E+000
432	4.19E+000
433	4.19E+000
434	4.19E+000
435	4.19E+000
436	4.19E+000
437	4.19E+000
438	4.19E+000
439	4.19E+000
440	4.19E+000
441	4.19E+000
442	4.19E+000
443	4.19E+000
444	4.19E+000
445	4.19E+000
446	4.19E+000
447	4.19E+000
448	4.19E+000
449	4.19E+000
450	4.19E+000
451	4.19E+000
452	4.19E+000
453	4.19E+000
454	4.19E+000
455	4.19E+000
456	4.19E+000
457	4.19E+000
458	4.19E+000
459	4.19E+000
460	4.19E+000
461	4.19E+000
462	4.19E+000
463	4.19E+000
464	4.19E+000
465	4.19E+000
466	4.19E+000
467	4.19E+000
468	4.19E+000
469	4.19E+000
470	4.19E+000
471	4.19E+000
472	4.19E+000
473	4.19E+000
474	4.19E+000
475	4.19E+000
476	4.19E+000
477	4.19E+000
478	4.19E+000
479	4.19E+000
480	4.19E+000
481	4.19E+000
482	4.19E+000
483	4.19E+000
484	4.19E+000
485	4.19E+000
486	4.19E+000
487	4.19E+000
488	4.19E+000
489	4.19E+000
490	4.19E+000
491	4.19E+000
492	4.19E+000
493	4.19E+000
494	4.19E+000
495	4.19E+000
496	4.19E+000
497	4.19E+000
498	4.19E+000
499	4.19E+000
500	4.19E+000
501	4.19E+000
502	4.19E+000
503	4.19E+000
504	4.19E+000
505	4.19E+000
506	4.19E+000
507	4.19E+000
508	4.19E+000
509	4.19E+000
510	4.19E+000
511	4.19E+000
512	4.19E+000
513	4.19E+000
514	4.19E+000
515	4.19E+000
516	4.19E+000
517	4.19E+000
518	4.19E+000
519	4.19E+000
520	4.19E+000
521	4.19E+000
522	4.19E+000
523	4.19E+000
524	4.19E+000
525	4.19E+000
526	4.19E+000
527	4.19E+000
528	4.19E+000
529	4.19E+000
530	4.19E+000
531	4.19E+000
532	4.19E+000
533	4.19E+000
534	4.19E+000
535	4.19E+000
536	4.19E+000
537	4.19E+000
538	4.19E+000
539	4.19E+000
540	4.19E+000
541	4.19E+000
542	4.19E+000
543	4.19E+000
544	4.19E+000
545	4.19E+000
546	4.19E+000
547	4.19E+000
548	4.19E+000
549	4.19E+000
550	4.19E+000
551	4.19E+000
552	4.19E+000
553	4.19E+000
554	4.19E+000
555	4.19E+000
556	4.19E+000
557	4.19E+000
558	4.19E+000
559	4.19E+000
560	4.19E+000
561	4.19E+000
562	4.19E+000
563	4.19E+000
564	4.19E+000
565	4.19E+000
566	4.19E+000
567	4.19E+000
568	4.19E+000
569	4.19E+000
570	4.19E+000
571	4.19E+000
572	4.19E+000
573	4.19E+000
574	4.19E+000
575	4.19E+000
576	4.19E+000
577	4.19E+000
578	4.19E+000
579	4.19E+000
580	4.19E+000
581	4.19E+000
582	4.19E+000
583	4.19E+000
584	4.19E+000
585	4.19E+000
586	4.19E+000
587	4.19E+000
588	4.19E+000
589	4.19E+000
590	4.19E+000
591	4.19E+000
592	4.19E+000
593	4.19E+000
594	4.19E+000
595	4.19E+000
596	4.19E+000
597	4.19E+000
598	4.19E+000
599	4.19E+000
600	4.19E+000
601	4.19E+000
602	4.19E+000
603	4.19E+000
604	4.19E+000
605	4.19E+000
606	4.19E+000
607	4.19E+000
608	4.19E+000
609	4.19E+000
610	4.19E+000
611	4.19E+000
612	4.19E+000
613	4.19E+000
614	4.19E+000
615	4.19E+000
616	4.19E+000
617	4.19E+000
618	4.19E+000
619	4.19E+000
620	4.19E+000
621	4.19E+000
622	4.19E+000
623	4.19E+000
624	4.19E+000
625	4.19E+000
626	4.19E+000
627	4.19E+000
628	4.19E+000
629	4.19E+000
630	4.19E+000
631	4.19E+000
632	4.19E+000
633	4.19E+000
634	4.19E+000
635	4.19E+000
636	4.19E+000
637	4.19E+000
638	4.19E+000
639	4.19E+000
640	4.19E+000
641	4.19E+000
642	4.19E+000
643	4.19E+000
644	4.19E+000
645	4.19E+000
646	4.19E+000
647	4.19E+000
648	4.19E+000
649	4.19E+000
650	4.19E+000
651	4.19E+000
652	4.19E+000
653	4.19E+000
654	4.19E+000
655	4.19E+000
656	4.19E+000
657	4.19E+000
658	4.19E+000
659	4.19E+000
660	4.19E+000
661	4.19E+000
662	4.19E+000
663	4.19E+000
664	4.19E+000
665	4.19E+000
666	4.19E+000
667	4.19E+000
668	4.19E+000
669	4.19E+000
670	4.19E+000
671	4.19E+000
672	4.19E+000
673	4.19E+000
674	4.19E+000
675	4.19E+000
676	4.19E+000
677	4.19E+000
678	4.19E+000
679	4.19E+000
680	4.19E+000
681	4.19E+000
682	4.19E+000
683	4.19E+000
684	4.19E+000
685	4.19E+000
686	4.19E+000
687	4.19E+000
688	4.19E+000
689	4.19E+000
690	4.19E+000
691	4.19E+000
692	4.19E+000
693	4.19E+000
694	4.19E+000
695	4.19E+000
696	4.19E+000
697	4.19E+000
698	4.19E+000
699	4.19E+000
700	4.19E+000
701	4.19E+000
702	4.19E+000
703	4.18E+000
704	4.18E+000
705	4.18E+000
706	4.18E+000
707	4.18E+000
708	4.18E+000
709	4.18E+000
710	4.18E+000
711	4.18E+000
712	4.18E+000
713	4.18E+000
714	4.18E+000
715	4.18E+000
716	4.18E+000
717	4.18E+000
718	4.18E+000
719	4.18E+000
720	4.18E+000
721	4.18E+000
722	4.18E+000
723	4.18E+000
724	4.18E+000
725	4.18E+000
726	4.18E+000
727	4.18E+000
728	4.18E+000
729	4.18E+000
730	4.18E+000
731	4.18E+000
732	4.18E+000
733	4.18E+000
734	4.18E+000
735	4.18E+000
736	4.18E+000
737	4.18E+000
738	4.18E+000
739	4.18E+000
740	4.18E+000
741	4.18E+000
742	4.18E+000
743	4.18E+000
744	4.18E+000
745	4.18E+000
746	4.18E+000
747	4.18E+000
748	4.18E+000
749	4.18E+000
750	4.18E+000
751	4.18E+000
752	4.18E+000
753	4.18E+000
754	4.18E+000
755	4.18E+000
756	4.18E+000
757	4.18E+000
758	4.18E+000
759	4.18E+000
760	4.18E+000
761	4.18E+000
762	4.18E+000
763	4.18E+000
764	4.18E+000
765	4.18E+000
766	4.18E+000
767	4.18E+000
768	4.18E+000
769	4.18E+000
770	4.18E+000
771	4.18E+000
772	4.18E+000
773	4.18E+000
774	4.18E+000
775	4.18E+000
776	4.18E+000
777	4.18E+000
778	4.18E+000
779	4.18E+000
780	4.18E+000
781	4.18E+000
782	4.18E+000
783	4.18E+000
784	4.18E+000
785	4.18E+000
786	4.18E+000
787	4.18E+000
788	4.18E+000
789	4.18E+000
790	4.18E+000
791	4.18E+000
792	4.18E+000
793	4.18E+000
794	4.18E+000
795	4.18E+000
796	4.18E+000
797	4.18E+000
798	4.18E+000
799	4.18E+000
800	4.18E+000
801	4.18E+000
802	4.18E+000
803	4.18E+000
804	4.18E+000
805	4.18E+000
806	4.18E+000
807	4.18E+000
808	4.18E+000
809	4.18E+000
810	4.18E+000
811	4.18E+000
812	4.18E+000
813	4.18E+000
814	4.18E+000
815	4.18E+000
816	4.18E+000
817	4.18E+000
818	4.18E+000
819	4.18E+000
820	4.18E+000
821	4.18E+000
822	4.18E+000
823	4.18E+000
824	4.18E+000
825	4.18E+000
826	4.18E+000
827	4.18E+000
828	4.18E+000
829	4.18E+000
830	4.18E+000
831	4.18E+000
832	4.18E+000
833	4.18E+000
834	4.18E+000
835	4.18E+000
836	4.18E+000
837	4.18E+000
838	4.18E+000
839	4.18E+000
840	4.18E+000
841	4.18E+000
842	4.18E+000
843	4.18E+000
844	4.18E+000
845	4.18E+000
846	4.18E+000
847	4.18E+000
848	4.18E+000
849	4.18E+000
850	4.18E+000
851	4.18E+000
852	4.18E+000
853	4.18E+000
854	4.18E+000
855	4.18E+000
856	4.18E+000
857	4.18E+000
858	4.18E+000
859	4.18E+000
860	4.18E+000
861	4.18E+000
862	4.18E+000
863	4.18E+000
864	4.18E+000
865	4.18E+000
866	4.18E+000
867	4.18E+000
868	4.18E+000
869	4.18E+000
870	4.18E+000
871	4.18E+000
872	4.18E+000
873	4.18E+000
874	4.18E+000
875	4.18E+000
876	4.18E+000
877	4.18E+000
878	4.18E+000
879	4.18E+000
880	4.18E+000
881	4.18E+000
882	4.18E+000
883	4.18E+000
884	4.18E+000
885	4.18E+000
886	4.18E+000
887	4.18E+000
888	4.18E+000
889	4.18E+000
890	4.18E+000
891	4.18E+000
892	4.18E+000
893	4.18E+000
894	4.18E+000
895	4.18E+000
896	4.18E+000
897	4.18E+000
898	4.18E+000
899	4.18E+000
900	4.18E+000
901	4.18E+000
902	4.18E+000
903	4.18E+000
904	4.18E+000
905	4.18E+000
906	4.18E+000
907	4.18E+000
908	4.18E+000
909	4.18E+000
910	4.18E+000
911	4.18E+000
912	4.18E+000
913	4.18E+000
914	4.18E+000
915	4.18E+000
916	4.18E+000
917	4.18E+000
918	4.18E+000
919	4.18E+000
920	4.18E+000
921	4.18E+000
922	4.18E+000
923	4.18E+000
924	4.18E+000
925	4.18E+000
926	4.18E+000
927	4.18E+000
928	4.18E+000
929	4.18E+000
930	4.18E+000
931	4.18E+000
932	4.18E+000
933	4.18E+000
934	4.18E+000
935	4.18E+000
936	4.18E+000
937	4.18E+000
938	4.18E+000
939	4.18E+000
940	4.18E+000
941	4.18E+000
942	4.18E+000
943	4.18E+000
944	4.18E+000
945	4.18E+000
946	4.18E+000
947	4.18E+000
948	4.18E+000
949	4.18E+000
950	4.18E+000
951	4.18E+000
952	4.18E+000
953	4.18E+000
954	4.18E+000
955	4.18E+000
956	4.18E+000
957	4.18E+000
958	4.18E+000
959	4.18E+000
960	4.18E+000
961	4.18E+000
962	4.18E+000
963	4.18E+000
964	4.18E+000
965	4.18E+000
966	4.18E+000
967	4.18E+000
968	4.18E+000
969	4.18E+000
970	4.18E+000
971	4.18E+000
972	4.18E+000
973	4.18E+000
974	4.18E+000
975	4.18E+000
976	4.18E+000
977	4.18E+000
978	4.18E+000
979	4.18E+000
980	4.18E+000
981	4.18E+000
982	4.18E+000
983	4.18E+000
984	4.18E+000
985	4.18E+000
986	4.18E+000
987	4.18E+000
988	4.18E+000
989	4.18E+000
990	4.18E+000
991	4.18E+000
992	4.18E+000
993	4.18E+000
994	4.18E+000
995	4.18E+000
996	4.18E+000
997	4.18E+000
998	4.18E+000
999	4.18E+000
1000	4.18E+000



