1	0.0027460073
2	0.0071488535
3	0.0059875078
4	0.0043514849
5	0.0032342159
6	0.0026969471
7	0.0025797461
8	0.0027236922
9	0.0030119228
10	0.0033688169
11	0.0037499247
12	0.0041315728
13	0.0045024092
14	0.0048578982
15	0.0051970727
16	0.0055206829
17	0.005829993
18	0.0061262111
19	0.0064102941
20	0.0066828617
21	0.0069442129
22	0.0071943848
23	0.0074332278
24	0.0076604724
25	0.007875787
26	0.0080788264
27	0.0082692665
28	0.0084468287
29	0.0086112969
30	0.0087625255
31	0.0089004435
32	0.0090250537
33	0.0091364299
34	0.0092347115
35	0.0093200974
36	0.0093928397
37	0.0094532359
38	0.009501623
39	0.0095383699
40	0.009563873
41	0.0095785485
42	0.0095828289
43	0.0095771577
44	0.0095619859
45	0.0095377676
46	0.0095049588
47	0.0094640119
48	0.0094153762
49	0.0093594944
50	0.0092968014
51	0.0092277234
52	0.0091526762
53	0.0090720646
54	0.0089862822
55	0.0088957096
56	0.0088007156
57	0.0087016557
58	0.0085988729
59	0.0084926967
60	0.0083834434
61	0.0082714173
62	0.0081569084
63	0.0080401955
64	0.0079215434
65	0.0078012059
66	0.0076794238
67	0.0075564268
68	0.0074324323
69	0.0073076475
70	0.0071822679
71	0.0070564788
72	0.006930455
73	0.0068043614
74	0.0066783537
75	0.0065525774
76	0.0064271698
77	0.0063022593
78	0.0061779657
79	0.0060544007
80	0.0059316688
81	0.0058098667
82	0.0056890842
83	0.0055694038
84	0.0054509018
85	0.0053336481
86	0.0052177069
87	0.0051031364
88	0.0049899893
89	0.0048783133
90	0.0047681511
91	0.0046595406
92	0.0045525153
93	0.0044471048
94	0.0043433339
95	0.0042412245
96	0.0041407942
97	0.0040420577
98	0.0039450263
99	0.0038497084
100	0.0037561093
101	0.0036642322
102	0.0035740772
103	0.0034856427
104	0.0033989245
105	0.0033139164
106	0.0032306108
107	0.0031489978
108	0.003069066
109	0.002990803
110	0.0029141944
111	0.0028392249
112	0.0027658781
113	0.0026941364
114	0.0026239812
115	0.0025553933
116	0.0024883525
117	0.0024228379
118	0.0023588282
119	0.0022963015
120	0.0022352352
121	0.0021756065
122	0.0021173923
123	0.0020605692
124	0.0020051133
125	0.0019510008
126	0.0018982077
127	0.0018467099
128	0.0017964833
129	0.0017475036
130	0.0016997468
131	0.0016531887
132	0.0016078054
133	0.001563573
134	0.0015204677
135	0.0014784659
136	0.0014375444
137	0.00139768
138	0.0013588496
139	0.0013210306
140	0.0012842007
141	0.0012483376
142	0.0012134195
143	0.0011794249
144	0.0011463325
145	0.0011141213
146	0.0010827709
147	0.001052261
148	0.0010225716
149	0.0009936832
150	0.0009655766
151	0.000938233
152	0.0009116338
153	0.0008857611
154	0.000860597
155	0.0008361242
156	0.0008123256
157	0.0007891846
158	0.000766685
159	0.0007448109
160	0.0007235467
161	0.0007028772
162	0.0006827876
163	0.0006632635
164	0.0006442906
165	0.0006258553
166	0.000607944
167	0.0005905436
168	0.0005736411
169	0.0005572241
170	0.0005412801
171	0.0005257973
172	0.0005107637
173	0.0004961676
174	0.0004819979
175	0.0004682432
176	0.0004548925
177	0.0004419348
178	0.0004293595
179	0.0004171558
180	0.0004053131
181	0.0003938212
182	0.0003826694
183	0.0003718476
184	0.0003613455
185	0.0003511531
186	0.0003412604
187	0.0003316574
188	0.0003223344
189	0.0003132818
190	0.0003044903
191	0.0002959505
192	0.0002876536
193	0.0002795909
194	0.0002717538
195	0.0002641345
196	0.000256725
197	0.0002495181
198	0.0002425066
199	0.0002356839
200	0.0002290438
201	0.0002225804
202	0.0002162882
203	0.0002101619
204	0.0002041969
205	0.0001983886
206	0.0001927327
207	0.0001872255
208	0.0001818632
209	0.0001766424
210	0.0001715598
211	0.0001666124
212	0.0001617971
213	0.0001571112
214	0.0001525519
215	0.0001481165
216	0.0001438024
217	0.0001396069
218	0.0001355277
219	0.000131562
220	0.0001277074
221	0.0001239615
222	0.0001203215
223	0.0001167852
224	0.0001133499
225	0.0001100133
226	0.0001067728
227	0.000103626
228	0.0001005704
229	9.76035857160992E-005
230	9.47232486529489E-005
231	0.000091927
232	8.92123925063031E-005
233	8.6577325778743E-005
234	8.40194124418553E-005
235	8.15365216420745E-005
236	7.91264550021133E-005
237	7.67871407942473E-005
238	7.45164831787395E-005
239	7.23124701484666E-005
240	7.01731736861297E-005
241	6.80966636317182E-005
242	6.60811156432848E-005
243	6.41246819026668E-005
244	6.22256206434175E-005
245	6.0382274705387E-005
246	5.85929206121511E-005
247	0.000056856
248	0.00005517
249	5.35333217836172E-005
250	5.19445486130932E-005
251	5.04022510117841E-005
252	4.89050861155271E-005
253	4.74516884326259E-005
254	4.60407562323959E-005
255	4.46710731963506E-005
256	4.33414221391268E-005
257	4.20505634607349E-005
258	4.07974510741715E-005
259	3.95808870500865E-005
260	3.83998454802845E-005
261	3.72532566328665E-005
262	3.61401797157426E-005
263	3.50595222199885E-005
264	3.40104070168997E-005
265	3.29918916944571E-005
266	3.20030981438795E-005
267	3.10431046130486E-005
268	3.01111400945102E-005
269	2.92063467984302E-005
270	2.83279097468121E-005
271	2.74750999987053E-005
272	2.66471450826677E-005
273	2.58433154076329E-005
274	2.506292428593E-005
275	2.43053063516119E-005
276	2.35697095693429E-005
277	2.28556192690575E-005
278	2.21622829298424E-005
279	2.14891638280192E-005
280	2.0835681831122E-005
281	2.02012350079061E-005
282	1.95852644473067E-005
283	1.89872326688012E-005
284	1.84066668442687E-005
285	0.000017843
286	1.72957385115106E-005
287	1.67644296117128E-005
288	1.62485858730559E-005
289	1.57478202087212E-005
290	1.52616157772043E-005
291	1.47895852696138E-005
292	1.43312980617702E-005
293	1.38863882578004E-005
294	1.34544034391297E-005
295	0.000013035
296	1.2627895656762E-005
297	1.22326187101738E-005
298	1.18488452256127E-005
299	1.14762520585801E-005
300	1.1114537613106E-005
301	1.07633786243791E-005
302	1.04224085494E-005
303	1.00914120674926E-005
304	9.77006575554935E-006
305	9.45808936498091E-006
306	9.15518099192548E-006
307	8.86114674908053E-006
308	8.57564142870887E-006
309	8.29849268049625E-006
310	8.02944167342474E-006
311	7.76820792997427E-006
312	7.51459739164026E-006
313	7.26839435965797E-006
314	7.02938310805385E-006
315	6.79734788518315E-006
316	6.57209452875658E-006
317	6.35338562590876E-006
318	6.14107019772586E-006
319	0.000005935
320	5.73490768162076E-006
321	5.54065047110205E-006
322	5.35209617585929E-006
323	0.000005169
324	4.99134074620922E-006
325	4.81883743328286E-006
326	4.6513894518171E-006
327	4.48880245045919E-006
328	0.000004331
329	4.17782299130671E-006
330	4.02914984997239E-006
331	3.88479793577064E-006
332	3.74468092119593E-006
333	3.60866923802241E-006
334	3.47667654306494E-006
335	3.34850840640753E-006
336	3.22414331559912E-006
337	3.10340844329075E-006
338	2.98621741686212E-006
339	2.87246224318775E-006
340	2.76207815486947E-006
341	2.65493553169563E-006
342	2.55092636424689E-006
343	0.00000245
344	0.000002352
345	2.25694367562358E-006
346	2.16466915739703E-006
347	2.07513929640412E-006
348	1.98822444268388E-006
349	1.90388140833521E-006
350	1.82206700278993E-006
351	1.74262995020922E-006
352	1.66557028723883E-006
353	1.59077996613066E-006
354	1.51821578550126E-006
355	1.44781292596058E-006
356	1.37948494925423E-006
357	1.31321026511187E-006
358	1.24890243134937E-006
359	1.18649662077471E-006
360	0.000001126
361	1.06726145279662E-006
362	1.01028081699414E-006
363	0.000000955
364	9.0142059346146E-007
365	8.49411336514338E-007
366	0.000000799
367	7.50061666888227E-007
368	7.02613195052775E-007
369	6.56612952522385E-007
370	0.000000612
371	5.68719410148168E-007
372	5.26739661255185E-007
373	4.86078477423791E-007
374	4.46627782077941E-007
375	4.08365964753188E-007
376	3.71293032396326E-007
377	3.35365757163624E-007
378	3.00519293333951E-007
379	2.66732029623874E-007
380	0.000000234
381	2.02270269185479E-007
382	1.7155254681654E-007
383	1.41764339119995E-007
384	1.12884032219311E-007
385	8.4933246557969E-008
386	5.7847133298597E-008
387	3.1604078325613E-008
388	6.16085007669789E-009
389	-1.84176990940837E-008
390	-4.22828853113891E-008
391	-6.53698569996397E-008
392	-8.77002289214365E-008
393	-1.09360468203895E-007
394	-1.30285722430714E-007
395	-1.50562458631853E-007
396	-1.70190676090271E-007
397	-1.89148756641031E-007
398	-2.07523168218825E-007
399	-2.25292292671353E-007
400	-2.42477746723817E-007
401	-2.59079530389803E-007
402	-2.75162493565349E-007
403	-2.90683402826856E-007
404	-3.05685491417294E-007
405	-3.20211993559521E-007
406	-3.3421967509784E-007
407	-3.47751769991161E-007
408	-3.60829895449024E-007
409	-3.73454051199647E-007
410	-3.85667471641979E-007
411	-3.97405305812219E-007
412	-4.08775639125714E-007
413	-4.19713620510093E-007
414	-4.30284101353614E-007
415	-4.40465464672272E-007
416	-4.50279328072913E-007
417	-4.59725691718335E-007
418	-4.68847789696255E-007
419	-4.77602388673397E-007
420	-4.86054339781979E-007
421	-4.94182026181625E-007
422	-0.000000502
423	-5.09486224354338E-007
424	-5.16727587001767E-007
425	-5.23644687059878E-007
426	-5.30302375340673E-007
427	-5.36679034925649E-007
428	-5.42817900726024E-007
429	-5.48675738530197E-007
430	-5.54295783235453E-007
431	-5.59699651587447E-007
432	-5.64844110593012E-007
433	-5.6975077723972E-007
434	-5.74462885901944E-007
435	-5.78937202877777E-007
436	-5.83238579347501E-007
437	-5.87302165190071E-007
438	-5.91171194335783E-007
439	-5.9486728380026E-007
440	-5.9836881774336E-007
441	-6.01697412209026E-007
442	-6.04831452163818E-007
443	-6.07814170190706E-007
444	-6.1062395066533E-007
445	-6.13260793599953E-007
446	-6.15746316484411E-007
447	-6.18102135594478E-007
448	-6.20263401774225E-007
449	-6.22316581957084E-007
450	-6.24218442903804E-007
451	-0.000000626
452	-6.27633058604849E-007
453	-6.29124197379114E-007
454	-6.30507251315595E-007
455	-6.31782220872375E-007
456	-6.32905873177435E-007
457	-6.33921441721407E-007
458	-6.34850542741133E-007
459	-6.35649944163787E-007
460	-6.36341262447648E-007
461	-6.36946114175203E-007
462	-6.37442883077961E-007
463	-6.3783156981447E-007
464	-6.38133790735676E-007
465	-6.38349546061873E-007
466	-6.38478836013601E-007
467	-6.38521660619581E-007
468	-6.38456404463927E-007
469	-6.38326299644425E-007
470	-6.38109730333566E-007
471	-6.37828312923263E-007
472	-6.37460431613319E-007
473	-0.000000637
474	-6.36530125591134E-007
475	-6.35946085284048E-007
476	-6.35275581681581E-007
477	-6.34583463268474E-007
478	-6.33826498140259E-007
479	-0.000000633
480	-6.32074795553907E-007
481	-6.31123290542528E-007
482	-6.30106939272477E-007
483	-0.000000629
484	-6.2792293095492E-007
485	-6.26755273774943E-007
486	-6.25522770893729E-007
487	-6.2426865456622E-007
488	-6.22928076833006E-007
489	-6.21565885489134E-007
490	-6.20182080774914E-007
491	-6.18690199527824E-007
492	-6.17219936553038E-007
493	-6.15663212814941E-007
494	-6.14106492338259E-007
495	-6.12484926811769E-007
496	-6.10820132795029E-007
497	-6.09133725820622E-007
498	-6.07425706316835E-007
499	-6.05652842550443E-007
500	-6.03858366228688E-007
501	-0.000000602
502	-6.00182960144236E-007
503	-5.98302030696717E-007
504	-5.96377873173553E-007
505	-5.94432103381811E-007
506	-5.92464721169752E-007
507	-5.90475727153154E-007
508	-5.88465120603471E-007
509	-5.86389671000614E-007
510	-5.84335840319778E-007
511	-5.82238782158937E-007
512	-5.80120112039651E-007
513	-0.000000578
514	-5.75839551673526E-007
515	-5.73634430093606E-007
516	-5.71450928272854E-007
517	-5.69224198881236E-007
518	-0.000000567
519	-5.64727520427374E-007
520	-5.62457571408518E-007
521	-5.60187626032898E-007
522	-5.57874453856322E-007
523	-5.5556128517233E-007
524	-5.53226505254528E-007
525	-5.50891729025005E-007
526	-5.4851372555859E-007
527	-5.4613572639473E-007
528	-5.43757730940504E-007
529	-5.41379739178946E-007
530	-0.000000539
531	-5.36515690862847E-007
532	-5.34116095385005E-007
533	-5.3165165802422E-007
534	-5.29208839769046E-007
535	-5.26766025397969E-007
536	-5.24279984216721E-007
537	-5.21793946951649E-007
538	-5.19329529091763E-007
539	-5.16821884084685E-007
540	-5.14314243163754E-007
541	-5.11828221592156E-007
542	-5.09298972917897E-007
543	-5.06769728498294E-007
544	-5.04262102795255E-007
545	-5.01711250799574E-007
546	-4.99182017684949E-007
547	-4.96652788364236E-007
548	-4.94080332406717E-007
549	-4.91529495463772E-007
550	-0.000000489
551	-4.86406217869396E-007
552	-4.83855392000384E-007
553	-4.81304570224416E-007
554	-4.78710521469021E-007
555	-4.76138091961763E-007
556	-4.73565665943525E-007
557	-0.000000471
558	-4.68420824870631E-007
559	-4.65826794876914E-007
560	-4.63232768130966E-007
561	-4.60660360259788E-007
562	-4.58066341080834E-007
563	-4.55493940332618E-007
564	-4.52878312830991E-007
565	-4.50305919337264E-007
566	-4.47733529133172E-007
567	-4.4511791255813E-007
568	-4.425455291041E-007
569	-0.00000044
570	-4.37357543059434E-007
571	-4.34763554874448E-007
572	-4.32191185428176E-007
573	-4.29597204176268E-007
574	-0.000000427
575	-4.24430866629275E-007
576	-4.21858510275574E-007
577	-4.19264542265277E-007
578	-4.16692192625872E-007
579	-4.14119845824686E-007
580	-4.1154750260978E-007
581	-0.000000409
582	-4.06424440197457E-007
583	-4.03830491395799E-007
584	-4.01279775456105E-007
585	-3.98729062593502E-007
586	-3.96178352788469E-007
587	-3.93606031190963E-007
588	-3.91076942473463E-007
589	-3.88526241531984E-007
590	-0.000000386
591	-3.83446463940723E-007
592	-3.80917386843136E-007
593	-3.78388312641997E-007
594	-3.75859241318113E-007
595	-3.73351787616292E-007
596	-3.70822721973264E-007
597	-3.68336888645908E-007
598	-3.65807828591651E-007
599	-3.63322000975254E-007
600	-3.60836175690499E-007
601	-3.58350353486756E-007
602	-3.55864533577576E-007
603	-3.53378716712328E-007
604	-3.50914516989856E-007
605	-3.48471934553312E-007
606	-0.000000346
607	-3.43543548014046E-007
608	-3.41122587702921E-007
609	-3.3865840094726E-007
610	-3.36237445998385E-007
611	-3.33816493113426E-007
612	-3.31395542850727E-007
613	-0.000000329
614	-3.26596878785533E-007
615	-3.24175935872025E-007
616	-3.21798224146381E-007
617	-3.19420514913762E-007
618	-3.17064422749125E-007
619	-3.14686717862086E-007
620	-3.12309015417342E-007
621	-0.00000031
622	-3.07640075450266E-007
623	-3.05305608910176E-007
624	-0.000000303
625	-3.00658296399003E-007
626	-2.98367064920839E-007
627	-2.96075835690758E-007
628	-2.93762994167339E-007
629	-2.91493383342211E-007
630	-2.89245389211931E-007
631	-0.000000287
632	-2.84706177814473E-007
633	-2.82479804024624E-007
634	-2.80231817830095E-007
635	-0.000000278
636	-2.75800693957412E-007
637	-2.73574327644839E-007
638	-2.71391192093159E-007
639	-2.69208058323675E-007
640	-0.000000267
641	-2.64863410521008E-007
642	-2.62701896250124E-007
643	-2.6056199850685E-007
644	-2.58422102248889E-007
645	-2.56282207462504E-007
646	-2.54185543547377E-007
647	-2.5206726643825E-007
648	-0.00000025
649	-2.47895560611279E-007
650	-2.45798902837768E-007
651	-2.43767089981876E-007
652	-2.41692049267115E-007
653	-2.3963862501837E-007
654	-2.37628430810209E-007
655	-2.35596623476216E-007
656	-2.33586432140204E-007
657	-2.31597856769634E-007
658	-2.29587668044931E-007
659	-2.27620709410427E-007
660	-2.25653752506889E-007
661	-2.23686796746788E-007
662	-2.21763070790878E-007
663	-2.19817731979078E-007
664	-2.17872394645884E-007
665	-0.000000216
666	-2.14068180281248E-007
667	-2.12187689641015E-007
668	-2.10307199817412E-007
669	-2.08448325679251E-007
670	-2.06589452706974E-007
671	-2.04730580890213E-007
672	-2.02914938798811E-007
673	-2.01077683338268E-007
674	-1.99283657744103E-007
675	-1.97468018948643E-007
676	-1.9567399550486E-007
677	-1.93923201462581E-007
678	-1.92129180105139E-007
679	-1.9040000256563E-007
680	-1.88627597504594E-007
681	-1.86920036013786E-007
682	-1.85190861427401E-007
683	-1.83483302048669E-007
684	-1.81797357852795E-007
685	-1.80089800151192E-007
686	-1.78425472031413E-007
687	-1.76761144805273E-007
688	-1.75118432688986E-007
689	-1.73454107025689E-007
690	-1.71854625074148E-007
691	-1.70211915523246E-007
692	-1.68612435041082E-007
693	-0.000000167
694	-1.6543509108668E-007
695	-1.63857227208064E-007
696	-1.62300978494762E-007
697	-1.60766344733335E-007
698	-1.59210097334198E-007
699	-1.57697079242361E-007
700	-1.56162447687214E-007
701	-1.54671045017431E-007
702	-1.53179643233872E-007
703	-1.51688242137891E-007
704	-1.50218455698925E-007
705	-1.48748670116455E-007
706	-1.47322113323298E-007
707	-1.45852329229733E-007
708	-1.44447387863349E-007
709	-0.000000143
710	-1.41615892999932E-007
711	-1.40232567600257E-007
712	-1.38827628833447E-007
713	-1.37487533073676E-007
714	-1.36104209402452E-007
715	-1.34764114758069E-007
716	-1.33402406526117E-007
717	-1.32105541033816E-007
718	-1.3076544799831E-007
719	-1.29468583543511E-007
720	-1.28150105666286E-007
721	-1.26874856339751E-007
722	-1.25599607692203E-007
723	-1.24345973446381E-007
724	-1.2307072575288E-007
725	-1.21838706744267E-007
726	-1.20606687995522E-007
727	-1.19374669694061E-007
728	-1.18164266125697E-007
729	-0.000000117
730	-1.15765074177542E-007
731	-1.14576285973451E-007
732	-1.13409112075755E-007
733	-1.12241938576523E-007
734	-1.11074765855613E-007
735	-0.00000011
736	-1.08805263044028E-007
737	-1.07681319428432E-007
738	-1.06578990059209E-007
739	-1.05476661043656E-007
740	-1.04374332570097E-007
741	-1.03272004442917E-007
742	-1.02212904596354E-007
743	-1.01153805075673E-007
744	-1.00094706069479E-007
745	-0.000000099
746	-0.000000098
747	-0.000000097
748	-0.000000096
749	-0.000000095
750	-9.39346444393672E-008
751	-0.000000093
752	-0.000000092
753	-0.000000091
754	-0.00000009
755	-8.90714430843827E-008
756	-8.81204175657052E-008
757	-8.72126203675798E-008
758	-8.6261595535299E-008
759	-8.53321847884291E-008
760	-8.44243885008427E-008
761	-8.35382062787276E-008
762	-8.26304102545945E-008
763	-8.17442286713976E-008
764	-8.0858047114335E-008
765	-0.00000008
766	-7.91289128693806E-008
767	-7.82859601700123E-008
768	-7.74213932709254E-008
769	-7.66000549829099E-008
770	-7.57787166923412E-008
771	-0.000000075
772	-7.41360408633329E-008
773	-7.33147033208457E-008
774	-7.25365935851124E-008
775	-7.17368704001314E-008
776	-0.000000071
777	-7.01806523515604E-008
778	-6.94241574781347E-008
779	-6.86460487658212E-008
780	-6.79111683973919E-008
781	-6.71762879872512E-008
782	-6.64197937331366E-008
783	-6.5684913813481E-008
784	-0.000000065
785	-6.42583819985924E-008
786	-6.35451164916044E-008
787	-6.28534649147185E-008
788	-6.21401994844966E-008
789	-6.14701623454996E-008
790	-6.08001249465717E-008
791	-6.01084740740026E-008
792	-5.94600512845283E-008
793	-5.87900142495367E-008
794	-5.81415916935008E-008
795	-5.74715552758515E-008
796	-5.68663605119113E-008
797	-5.62179382901973E-008
798	-5.55911299577401E-008
799	-0.000000055
800	-5.43591277674594E-008
801	-5.37539337117971E-008
802	-5.31487397540956E-008
803	-5.25435458932562E-008
804	-0.000000052
805	-5.13980005385726E-008
806	-5.07928069551174E-008
807	-5.02308413864582E-008
808	-4.96688759027988E-008
809	-4.91069106951621E-008
810	-4.85665593365448E-008
811	-0.000000048
812	-4.74642429007255E-008
813	-4.69455059253144E-008
814	-4.64051548775016E-008
815	-4.5864803905206E-008
816	-4.53676811030478E-008
817	-4.48489440340734E-008
818	-4.43302074191032E-008
819	-4.38330846302736E-008
820	-4.33359620990327E-008
821	-4.28388392487279E-008
822	-4.23633307925443E-008
823	-4.18878222050488E-008
824	-4.13906997333094E-008
825	-4.09368054021748E-008
826	-4.04612968006039E-008
827	-0.00000004
828	-3.95535082270865E-008
829	-3.90779999858994E-008
830	-3.86457196786953E-008
831	-3.82134396137658E-008
832	-3.77811594066095E-008
833	-3.73272651201379E-008
834	-3.69165993320533E-008
835	-3.64843190787844E-008
836	-3.60736529991215E-008
837	-3.56629871560402E-008
838	-3.52523211650939E-008
839	-3.4841655217747E-008
840	-3.44309893134935E-008
841	-0.000000034
842	-3.36744996122544E-008
843	-3.3263833637948E-008
844	-3.2874782016874E-008
845	-3.25073441697829E-008
846	-3.213990635866E-008
847	-3.17724685831003E-008
848	-3.13834171093212E-008
849	-0.000000031
850	-3.06701554664131E-008
851	-3.0324331944354E-008
852	-0.00000003
853	-2.96326848026471E-008
854	-2.92868609903118E-008
855	-2.89410374004504E-008
856	-2.86168279528376E-008
857	-2.82710044216784E-008
858	-2.79467948388729E-008
859	-2.76225852833543E-008
860	-2.731998967251E-008
861	-0.000000027
862	-2.66715706927435E-008
863	-2.63689753500102E-008
864	-2.60663798393357E-008
865	-2.57637843524155E-008
866	-2.54611886970047E-008
867	-2.51585936407091E-008
868	-2.48776119446012E-008
869	-2.45750165488827E-008
870	-2.42940352796337E-008
871	-0.000000024
872	-2.37536861377158E-008
873	-2.34510910178668E-008
874	-2.31917235474971E-008
875	-2.29107421857069E-008
876	-2.26513749443163E-008
877	-2.23920073366779E-008
878	-2.21110260304355E-008
879	-2.18732727500539E-008
880	-2.16139053862461E-008
881	-2.13545378473534E-008
882	-2.11167846152693E-008
883	-2.08574173006046E-008
884	-2.06196639075144E-008
885	-2.03819107211579E-008
886	-2.01441571654554E-008
887	-1.99064038161476E-008
888	-1.96686506730647E-008
889	-1.94525110632282E-008
890	-1.92147579473112E-008
891	-0.000000019
892	-1.87608652741022E-008
893	-1.85447259076403E-008
894	-1.83502004542982E-008
895	-1.81124472103992E-008
896	-1.79179217799961E-008
897	-1.76801687523113E-008
898	-1.75072570518262E-008
899	-1.72695040470552E-008
900	-1.7096592558906E-008
901	-1.68804530909459E-008
902	-1.66859279159229E-008
903	-1.64914025587053E-008
904	-1.62968772111495E-008
905	-1.6102351873142E-008
906	-1.59078265445692E-008
907	-1.57349151215614E-008
908	-1.55403900028121E-008
909	-1.53674784047974E-008
910	-1.51945671987241E-008
911	-0.000000015
912	-1.48271305320215E-008
913	-1.46542189661086E-008
914	-1.44813077917672E-008
915	-1.43300103266304E-008
916	-1.41354850813748E-008
917	-0.000000014
918	-1.38112762931623E-008
919	-1.36599788554945E-008
920	-1.34870675319284E-008
921	-1.33357701072182E-008
922	-1.31844728805539E-008
923	-0.000000013
924	-1.28602641702633E-008
925	-1.27305804687249E-008
926	-1.25576693752522E-008
927	-1.24279856846846E-008
928	-1.22766884930269E-008
929	-1.21253911149945E-008
930	-0.000000012
931	-1.18660239614053E-008
932	-1.16931130938333E-008
933	-1.15850431302351E-008
934	-1.14337461616129E-008
935	-1.13040625103821E-008
936	-1.11743790555359E-008
937	-0.000000011
938	-1.08933982715217E-008
939	-1.07853289091835E-008
940	-1.06556452795187E-008
941	-1.0525962037956E-008
942	-1.0417892303003E-008
943	-1.02882090691667E-008
944	-1.01585254554102E-008
945	-1.00504561153326E-008
946	-9.92077270100224E-009
947	-9.8127029839172E-009
948	-9.6830197688383E-009
949	-9.57495025049085E-009
950	-9.48849461996973E-009
951	-9.33719733840125E-009
952	-9.25074171400413E-009
953	-9.1426722079103E-009
954	-0.000000009
955	-8.92653320461504E-009
956	-8.81846389931336E-009
957	-8.71039421294271E-009
958	-8.6239386045164E-009
959	-8.51586930735172E-009
960	-8.40779962901997E-009
961	-8.32134402798226E-009
962	-8.21327473867333E-009
963	-8.12681895032852E-009
964	-0.000000008
965	-7.93229388219364E-009
966	-7.84583848440674E-009
967	-7.73776901515315E-009
968	-7.65131323782212E-009
969	-7.56485784642268E-009
970	-7.47840226502298E-009
971	-7.3919466855704E-009
972	-7.30549110804252E-009
973	-7.21903534044711E-009
974	-7.13257995867116E-009
975	-0.000000007
976	-0.000000007
977	-6.89482712843971E-009
978	-6.80837156169342E-009
979	-6.72191599672046E-009
980	-6.63546062546822E-009
981	-6.57061875137092E-009
982	-6.48416319130174E-009
983	-6.4193215120057E-009
984	-6.33286595501744E-009
985	-6.26802447045725E-009
986	-6.20318260318096E-009
987	-6.11672705054663E-009
988	-6.05188556988255E-009
989	-0.000000006
990	-5.92220222827453E-009
991	-5.83574648915721E-009
992	-5.77090501339316E-009
993	-5.68444927704843E-009
994	-5.64122168141517E-009
995	-5.57637982505269E-009
996	-5.48992447631613E-009
997	-5.44669669160901E-009
998	-5.38185483847413E-009
999	-5.31701337032992E-009
1000	-5.25217171125443E-009

